Wavelength(nm)	Absorbance
189.771194	-0.000000
190.239868	-0.000000
190.708527	-0.000000
191.177170	-0.000000
191.645782	-0.000000
192.114365	-0.000000
192.582932	-0.000000
193.051483	-0.000000
193.520004	-0.000000
193.988510	-0.000000
194.456985	-0.000000
194.925446	-0.000000
195.393890	-0.000000
195.862305	-0.000000
196.330688	-0.000000
196.799057	-0.000000
197.267410	-0.000000
197.735733	-0.000000
198.204041	-0.000000
198.672318	-0.000000
199.140579	-0.000000
199.608826	-0.000000
200.077042	-0.000000
200.545227	-0.000000
201.013412	-0.000000
201.481552	-0.000000
201.949692	-0.000000
202.417786	-0.000000
202.885880	-0.000000
203.353943	-0.000000
203.821976	-0.000000
204.289993	-0.000000
204.757996	-0.000000
205.225967	-0.000000
205.693924	-0.000000
206.161850	-0.000000
206.629761	-0.000000
207.097641	-0.000000
207.565506	-0.000000
208.033356	-0.000000
208.501175	-0.000000
208.968964	-0.000000
209.436752	-0.000000
209.904495	-0.000000
210.372223	-0.000000
210.839935	-0.000000
211.307632	-0.000000
211.775299	-0.000000
212.242935	-0.000000
212.710556	-0.000000
213.178162	-0.000000
213.645737	-0.000000
214.113281	-0.000000
214.580811	-0.000000
215.048325	-0.000000
215.515823	-0.000000
215.983276	-0.000000
216.450729	-0.000000
216.918152	-0.000000
217.385544	-0.000000
217.852921	-0.000000
218.320282	-0.000000
218.787613	-0.000000
219.254929	-0.000000
219.722214	-0.000000
220.189484	-0.000000
220.656723	-0.000000
221.123947	-0.000000
221.591141	-0.000000
222.058319	-0.000000
222.525482	-0.000000
222.992615	-0.000000
223.459717	-0.000000
223.926819	-0.000000
224.393875	-0.000000
224.860931	-0.000000
225.327942	-0.000000
225.794952	-0.000000
226.261932	-0.000000
226.728882	-0.000000
227.195816	-0.000000
227.662720	-0.000000
228.129608	-0.000000
228.596481	-0.000000
229.063324	-0.000000
229.530151	-0.000000
229.996948	-0.000000
230.463730	-0.000000
230.930481	-0.000000
231.397217	-0.000000
231.863922	-0.000000
232.330612	-0.000000
232.797272	-0.000000
233.263916	-0.000000
233.730545	-0.000000
234.197144	-0.000000
234.663727	-0.000000
235.130280	-0.000000
235.596802	-0.000000
236.063324	-0.000000
236.529816	-0.000000
236.996277	-0.000000
237.462723	-0.000000
237.929138	-0.000000
238.395538	-0.000000
238.861908	-0.000000
239.328262	-0.000000
239.794601	-0.000000
240.260910	-0.000000
240.727188	-0.000000
241.193466	-0.000000
241.659698	-0.000000
242.125916	-0.000000
242.592117	-0.000000
243.058289	-0.000000
243.524445	-0.000000
243.990570	-0.000000
244.456680	-0.000000
244.922775	-0.000000
245.388840	-0.000000
245.854874	-0.000000
246.320892	-0.000000
246.786896	-0.000000
247.252869	-0.000000
247.718811	-0.000000
248.184738	-0.000000
248.650650	-0.000000
249.116531	-0.000000
249.582397	-0.000000
250.048233	-0.000000
250.514053	-0.000000
250.979843	-0.000000
251.445618	-0.000000
251.911362	-0.000000
252.377090	-0.000000
252.842804	-0.000000
253.308472	-0.000000
253.774139	-0.000000
254.239777	-0.000000
254.705383	-0.000000
255.170990	-0.000000
255.636551	-0.000000
256.102112	-0.000000
256.567627	-0.000000
257.033142	-0.000000
257.498596	-0.000000
257.964050	-0.000000
258.429504	-0.000000
258.894897	-0.000000
259.360291	-0.000000
259.825684	-0.000000
260.291016	-0.000000
260.756348	-0.000000
261.221619	-0.000000
261.686920	-0.000000
262.152161	-0.000000
262.617401	-0.000000
263.082611	-0.000000
263.547791	-0.000000
264.012939	-0.000000
264.478088	-0.000000
264.943207	-0.000000
265.408325	-0.000000
265.873383	-0.000000
266.338440	-0.000000
266.803467	-0.000000
267.268494	-0.000000
267.733459	-0.000000
268.198425	-0.000000
268.663361	-0.000000
269.128265	-0.000000
269.593170	-0.000000
270.058044	-0.000000
270.522888	-0.000000
270.987732	-0.000000
271.452515	-0.000000
271.917297	-0.000000
272.382050	-0.000000
272.846802	-0.000000
273.311523	-0.000000
273.776184	-0.000000
274.240845	-0.000000
274.705505	-0.000000
275.170135	-0.000000
275.634735	-0.000000
276.099304	-0.000000
276.563843	-0.000000
277.028381	-0.000000
277.492920	-0.000000
277.957397	-0.000000
278.421844	-0.000000
278.886292	-0.000000
279.350708	-0.000000
279.815094	-0.000000
280.279480	-0.000000
280.743835	-0.000000
281.208160	-0.000000
281.672455	-0.000000
282.136749	-0.000000
282.601013	-0.000000
283.065247	-0.000000
283.529449	-0.000000
283.993652	-0.000000
284.457825	-0.000000
284.921967	-0.000000
285.386078	-0.000000
285.850189	-0.000000
286.314270	-0.000000
286.778320	-0.000000
287.242340	-0.000000
287.706360	-0.000000
288.170349	-0.000000
288.634308	-0.000000
289.098236	-0.000000
289.562164	-0.000000
290.026062	-0.000000
290.489929	-0.000000
290.953796	-0.000000
291.417603	-0.000000
291.881409	-0.000000
292.345215	-0.000000
292.808960	-0.000000
293.272705	-0.000000
293.736389	-0.000000
294.200104	-0.000000
294.663757	-0.000000
295.127411	-0.000000
295.591034	-0.000000
296.054626	-0.000000
296.518219	-0.000000
296.981750	-0.000000
297.445312	-0.000000
297.908813	-0.000000
298.372284	-0.000000
298.835754	-0.000000
299.299194	-0.000000
299.762604	-0.000000
300.226013	-0.000000
300.689362	-0.000000
301.152710	-0.000000
301.616028	-0.000000
302.079346	-0.000000
302.542633	-0.000000
303.005890	-0.000000
303.469116	-0.000000
303.932312	-0.000000
304.395508	-0.000000
304.858673	-0.000000
305.321838	-0.000000
305.784943	-0.000000
306.248047	-0.000000
306.711121	-0.000000
307.174164	-0.000000
307.637207	-0.000000
308.100189	-0.000000
308.563171	-0.000000
309.026123	-0.000000
309.489075	-0.000000
309.951996	-0.000000
310.414856	-0.000000
310.877747	-0.000000
311.340576	-0.000000
311.803406	-0.000000
312.266205	-0.000000
312.728973	-0.000000
313.191742	-0.000000
313.654480	-0.000000
314.117188	-0.000000
314.579865	-0.000000
315.042511	-0.000000
315.505157	-0.000000
315.967773	-0.000000
316.430359	-0.000000
316.892944	-0.000000
317.355469	-0.000000
317.817993	-0.000000
318.280518	-0.000000
318.742981	-0.000000
319.205444	-0.000000
319.667847	-0.000000
320.130249	-0.000000
320.592651	-0.000000
321.054993	-0.000000
321.517334	-0.000000
321.979675	-0.000000
322.441956	-0.000000
322.904236	-0.000000
323.366455	-0.000000
323.828674	-0.000000
324.290894	-0.000000
324.753052	-0.000000
325.215240	-0.000000
325.677368	-0.000000
326.139465	-0.000000
326.601562	-0.000000
327.063599	-0.000000
327.525635	-0.000000
327.987671	-0.000000
328.449677	-0.000000
328.911621	-0.000000
329.373596	-0.000000
329.835510	-0.000000
330.297424	-0.000000
330.759277	-0.000000
331.221130	-0.000000
331.682983	-0.000000
332.144775	-0.000000
332.606567	-0.000000
333.068298	-0.000000
333.530060	-0.000000
333.991760	-0.000000
334.453461	-0.000000
334.915161	-0.000000
335.376770	-0.000000
335.838409	-0.000000
336.299988	-0.000000
336.761597	-0.000000
337.223145	-0.000000
337.684662	-0.000000
338.146179	-0.000000
338.607666	-0.000000
339.069092	-0.000000
339.530548	-0.000000
339.991943	-0.000000
340.453369	-0.000000
340.914734	-0.000000
341.376068	-0.000000
341.837402	-0.000000
342.298706	-0.000000
342.759949	-0.000000
343.221222	-0.000000
343.682434	-0.000000
344.143677	-0.000000
344.604828	-0.000000
345.065979	-0.000000
345.527130	-0.000000
345.988251	-0.000000
346.449341	-0.000000
346.910400	-0.000000
347.371460	-0.000000
347.832458	-0.000000
348.293457	-0.000000
348.754456	-0.000000
349.215393	-0.000000
349.676300	-0.000000
350.137207	-0.000000
350.598083	-0.000000
351.058960	-0.000000
351.519775	-0.000000
351.980591	-0.000000
352.441376	-0.000000
352.902161	-0.000000
353.362854	-0.000000
353.823608	-0.000000
354.284302	-0.000000
354.744965	-0.000000
355.205627	-0.000000
355.666229	-0.000000
356.126831	-0.000000
356.587402	-0.000000
357.047974	-0.000000
357.508484	-0.000000
357.968994	-0.000000
358.429504	-0.000000
358.889954	-0.000000
359.350372	-0.000000
359.810791	-0.000000
360.271179	-0.000000
360.731567	-0.000000
361.191895	-0.000000
361.652222	-0.000000
362.112518	-0.000000
362.572784	-0.000000
363.033020	-0.000000
363.493256	-0.000000
363.953461	-0.000000
364.413635	-0.000000
364.873779	-0.000000
365.333923	-0.000000
365.794037	-0.000000
366.254150	-0.000000
366.714203	-0.000000
367.174255	-0.000000
367.634247	-0.000000
368.094238	-0.000000
368.554199	-0.000000
369.014160	-0.000000
369.474091	-0.000000
369.933960	-0.000000
370.393860	-0.000000
370.853699	-0.000000
371.313538	-0.000000
371.773346	-0.000000
372.233124	-0.000000
372.692871	-0.000000
373.152618	-0.000000
373.612335	-0.000000
374.072021	-0.000000
374.531677	-0.000000
374.991333	-0.000000
375.450928	-0.000000
375.910522	-0.000000
376.370117	-0.000000
376.829651	-0.000000
377.289185	-0.000000
377.748657	-0.000000
378.208130	-0.000000
378.667603	-0.000000
379.127014	-0.000000
379.586426	-0.000000
380.045837	-0.000000
380.505188	-0.000000
380.964508	-0.000000
381.423828	-0.000000
381.883118	-0.000000
382.342377	-0.000000
382.801605	-0.000000
383.260834	-0.000000
383.720032	-0.000000
384.179199	-0.000000
384.638367	-0.000000
385.097473	-0.000000
385.556580	-0.000000
386.015625	-0.000000
386.474701	-0.000000
386.933716	-0.000000
387.392731	-0.000000
387.851715	-0.000000
388.310669	-0.000000
388.769592	-0.000000
389.228516	-0.000000
389.687408	-0.000000
390.146271	-0.000000
390.605103	-0.000000
391.063934	-0.000000
391.522705	-0.000000
391.981506	-0.000000
392.440247	-0.000000
392.898956	-0.000000
393.357666	-0.000000
393.816345	-0.000000
394.274963	-0.000000
394.733582	-0.000000
395.192200	-0.000000
395.650787	-0.000000
396.109344	-0.000000
396.567871	-0.000000
397.026367	-0.000000
397.484863	-0.000000
397.943329	-0.000000
398.401794	-0.000000
398.860168	-0.000000
399.318573	-0.000000
399.776947	-0.000000
400.235291	-0.000000
400.693604	-0.000000
401.151917	-0.000000
401.610168	-0.000000
402.068420	-0.000000
402.526672	-0.000000
402.984863	-0.000000
403.443024	-0.000000
403.901184	-0.000000
404.359314	-0.000000
404.817444	-0.000000
405.275513	-0.000000
405.733551	-0.000000
406.191589	-0.000000
406.649597	-0.000000
407.107605	-0.000000
407.565552	-0.000000
408.023499	-0.000000
408.481415	-0.000000
408.939331	-0.000000
409.397156	-0.000000
409.855042	-0.000000
410.312836	-0.000000
410.770630	-0.000000
411.228424	-0.000000
411.686157	-0.000000
412.143890	-0.000000
412.601593	-0.000000
413.059265	-0.000000
413.516907	-0.000000
413.974548	-0.000000
414.432159	-0.000000
414.889740	-0.000000
415.347290	-0.000000
415.804840	-0.000000
416.262360	-0.000000
416.719849	-0.000000
417.177307	-0.000000
417.634766	-0.000000
418.092163	-0.000000
418.549561	-0.000000
419.006897	-0.000000
419.464264	-0.000000
419.921570	-0.000000
420.378906	-0.000000
420.836151	-0.000000
421.293396	-0.000000
421.750610	-0.000000
422.207825	-0.000000
422.665009	-0.000000
423.122162	-0.000000
423.579285	-0.000000
424.036377	-0.000000
424.493469	-0.000000
424.950531	-0.000000
425.407562	-0.000000
425.864563	-0.000000
426.321564	-0.000000
426.778534	-0.000000
427.235474	-0.000000
427.692383	-0.000000
428.149292	-0.000000
428.606140	-0.000000
429.062988	-0.000000
429.519775	-0.000000
429.976593	-0.000000
430.433350	-0.000000
430.890137	-0.000000
431.346832	-0.000000
431.803528	-0.000000
432.260193	-0.000000
432.716858	-0.000000
433.173492	-0.000000
433.630066	-0.000000
434.086670	-0.000000
434.543213	-0.000000
434.999756	-0.000000
435.456238	-0.000000
435.912750	-0.000000
436.369202	-0.000000
436.825623	-0.000000
437.282043	-0.000000
437.738434	-0.000000
438.194794	-0.000000
438.651123	-0.000000
439.107452	-0.000000
439.563751	-0.000000
440.020020	-0.000000
440.476257	-0.000000
440.932465	-0.000000
441.388672	-0.000000
441.844849	-0.000000
442.300964	-0.000000
442.757080	-0.000000
443.213196	-0.000000
443.669281	-0.000000
444.125336	-0.000000
444.581360	-0.000000
445.037354	-0.000000
445.493347	-0.000000
445.949280	-0.000000
446.405212	-0.000000
446.861145	-0.000000
447.317017	-0.000000
447.772888	-0.000000
448.228699	-0.000000
448.684509	-0.000000
449.140259	-0.000000
449.596069	-0.000000
450.051819	-0.000000
450.507507	-0.000000
450.963196	-0.000000
451.418884	-0.000000
451.874512	-0.000000
452.330139	-0.000000
452.785706	-0.000000
453.241272	-0.000000
453.696838	-0.000000
454.152344	-0.000000
454.607849	-0.000000
455.063293	-0.000000
455.518738	-0.000000
455.974182	-0.000000
456.429565	-0.000000
456.884949	-0.000000
457.340332	-0.000000
457.795654	-0.000000
458.250916	-0.000000
458.706238	-0.000000
459.161499	-0.000000
459.616699	0.022868
460.071899	-0.000000
460.527100	-0.000000
460.982239	-0.000000
461.437378	-0.000000
461.892456	-0.000000
462.347534	-0.000000
462.802612	-0.000000
463.257690	-0.000000
463.712646	-0.000000
464.167664	-0.000000
464.622620	-0.000000
465.077576	-0.000000
465.532471	-0.000000
465.987366	-0.000000
466.442261	-0.000000
466.897095	-0.000000
467.351868	-0.000000
467.806702	-0.000000
468.261475	-0.000000
468.716187	-0.000000
469.170898	-0.000000
469.625610	-0.000000
470.080261	-0.000000
470.534912	-0.000000
470.989563	-0.000000
471.444153	-0.000000
471.898743	-0.000000
472.353271	-0.000000
472.807800	-0.000000
473.262329	-0.000000
473.716797	-0.000000
474.171265	-0.000000
474.625671	-0.000000
475.080078	-0.000000
475.534424	-0.000000
475.988831	-0.000000
476.443115	-0.000000
476.897461	-0.000000
477.351746	-0.000000
477.805969	-0.000000
478.260254	-0.000000
478.714417	-0.000000
479.168640	-0.000000
479.622803	-0.000000
480.076904	-0.000000
480.531006	-0.000000
480.985107	-0.000000
481.439209	-0.000000
481.893188	-0.000000
482.347229	-0.000000
482.801208	-0.000000
483.255188	-0.000000
483.709106	-0.000000
484.163025	-0.000000
484.616943	-0.000000
485.070801	-0.000000
485.524658	-0.000000
485.978455	-0.000000
486.432251	-0.000000
486.886047	-0.000000
487.339783	-0.000000
487.793518	-0.000000
488.247192	-0.000000
488.700867	-0.000000
489.154541	-0.000000
489.608154	-0.000000
490.061768	-0.000000
490.515320	-0.000000
490.968872	-0.000000
491.422424	-0.000000
491.875916	-0.000000
492.329407	-0.000000
492.782837	-0.000000
493.236267	-0.000000
493.689636	-0.000000
494.143005	-0.000000
494.596375	-0.000000
495.049744	0.023094
495.503052	0.017404
495.956299	-0.000000
496.409546	-0.000000
496.862793	-0.000000
497.315979	-0.000000
497.769165	-0.000000
498.222351	-0.000000
498.675476	-0.000000
499.128601	-0.000000
499.581665	-0.000000
500.034729	-0.000000
500.487793	-0.000000
500.940796	-0.000000
501.393738	-0.000000
501.846741	-0.000000
502.299683	-0.000000
502.752563	-0.000000
503.205444	-0.000000
503.658325	-0.000000
504.111145	-0.000000
504.563965	0.020159
505.016785	-0.000000
505.469543	-0.000000
505.922241	-0.000000
506.375000	-0.000000
506.827698	-0.000000
507.280334	-0.000000
507.732971	-0.000000
508.185608	-0.000000
508.638184	-0.000000
509.090759	-0.000000
509.543335	-0.000000
509.995850	-0.000000
510.448303	-0.000000
510.900757	-0.000000
511.353210	-0.000000
511.805664	-0.000000
512.258057	0.016453
512.710449	0.016083
513.162781	-0.000000
513.615112	-0.000000
514.067383	-0.000000
514.519653	-0.000000
514.971924	-0.000000
515.424133	-0.000000
515.876343	-0.000000
516.328491	-0.000000
516.780640	-0.000000
517.232788	-0.000000
517.684875	-0.000000
518.136963	-0.000000
518.588989	-0.000000
519.041016	-0.000000
519.493042	-0.000000
519.945007	-0.000000
520.396973	-0.000000
520.848877	-0.000000
521.300781	-0.000000
521.752625	-0.000000
522.204529	-0.000000
522.656372	-0.000000
523.108154	0.015964
523.559937	-0.000000
524.011658	0.017883
524.463379	-0.000000
524.915100	-0.000000
525.366760	-0.000000
525.818420	-0.000000
526.270081	-0.000000
526.721680	-0.000000
527.173279	-0.000000
527.624817	-0.000000
528.076355	-0.000000
528.527832	-0.000000
528.979309	-0.000000
529.430786	-0.000000
529.882202	-0.000000
530.333618	-0.000000
530.784973	-0.000000
531.236328	-0.000000
531.687683	-0.000000
532.138977	-0.000000
532.590271	-0.000000
533.041565	-0.000000
533.492737	-0.000000
533.943970	-0.000000
534.395142	-0.000000
534.846313	0.015770
535.297424	-0.000000
535.748535	-0.000000
536.199646	-0.000000
536.650696	-0.000000
537.101746	-0.000000
537.552734	-0.000000
538.003723	-0.000000
538.454651	-0.000000
538.905640	-0.000000
539.356506	-0.000000
539.807434	-0.000000
540.258301	-0.000000
540.709106	-0.000000
541.159912	-0.000000
541.610718	-0.000000
542.061462	-0.000000
542.512207	-0.000000
542.962891	-0.000000
543.413574	-0.000000
543.864258	-0.000000
544.314880	-0.000000
544.765503	0.010685
545.216064	0.014745
545.666626	-0.000000
546.117188	0.012809
546.567688	0.008965
547.018188	0.015604
547.468628	-0.000000
547.919067	-0.000000
548.369446	-0.000000
548.819885	-0.000000
549.270203	-0.000000
549.720581	-0.000000
550.170898	-0.000000
550.621155	-0.000000
551.071411	-0.000000
551.521667	-0.000000
551.971863	-0.000000
552.422058	-0.000000
552.872192	-0.000000
553.322327	-0.000000
553.772461	-0.000000
554.222534	-0.000000
554.672607	0.011668
555.122620	-0.000000
555.572632	0.018173
556.022644	-0.000000
556.472595	0.015459
556.922546	0.026668
557.372437	0.022660
557.822327	0.025938
558.272156	0.018751
558.722046	0.012570
559.171814	0.008061
559.621582	-0.000000
560.071350	-0.000000
560.521118	-0.000000
560.970825	-0.000000
561.420532	-0.000000
561.870178	-0.000000
562.319824	-0.000000
562.769409	-0.000000
563.218994	-0.000000
563.668579	-0.000000
564.118103	-0.000000
564.567566	-0.000000
565.017090	-0.000000
565.466553	-0.000000
565.915955	-0.000000
566.365356	-0.000000
566.814758	0.010308
567.264099	0.025486
567.713440	0.021479
568.162781	0.028148
568.612061	0.033096
569.061279	0.022971
569.510559	0.020561
569.959717	0.017376
570.408936	0.021133
570.858093	-0.000000
571.307251	-0.000000
571.756287	-0.000000
572.205383	-0.000000
572.654480	-0.000000
573.103516	-0.000000
573.552490	-0.000000
574.001465	-0.000000
574.450439	-0.000000
574.899353	-0.000000
575.348267	-0.000000
575.797180	-0.000000
576.245972	-0.000000
576.694824	-0.000000
577.143616	-0.000000
577.592407	-0.000000
578.041138	-0.000000
578.489929	-0.000000
578.938599	0.007111
579.387268	0.011141
579.835938	0.023238
580.284546	0.021376
580.733154	0.026008
581.181763	0.014150
581.630310	0.007954
582.078796	-0.000000
582.527344	-0.000000
582.975830	-0.000000
583.424255	-0.000000
583.872681	-0.000000
584.321106	-0.000000
584.769470	-0.000000
585.217834	-0.000000
585.666138	-0.000000
586.114441	-0.000000
586.562683	-0.000000
587.010925	-0.000000
587.459167	-0.000000
587.907349	-0.000000
588.355530	-0.000000
588.803711	-0.000000
589.251831	-0.000000
589.699890	-0.000000
590.147949	-0.000000
590.596008	-0.000000
591.044067	0.006814
591.492065	0.005134
591.940002	-0.000000
592.387939	-0.000000
592.835876	0.009500
593.283752	-0.000000
593.731628	-0.000000
594.179504	-0.000000
594.627319	-0.000000
595.075073	-0.000000
595.522827	-0.000000
595.970642	-0.000000
596.418335	-0.000000
596.866028	-0.000000
597.313660	-0.000000
597.761292	-0.000000
598.208923	-0.000000
598.656555	-0.000000
599.104065	-0.000000
599.551636	-0.000000
599.999146	-0.000000
600.446655	-0.000000
600.894104	-0.000000
601.341553	-0.000000
601.788940	-0.000000
602.236328	-0.000000
602.683655	-0.000000
603.131042	-0.000000
603.578308	-0.000000
604.025635	-0.000000
604.472839	-0.000000
604.920105	-0.000000
605.367310	-0.000000
605.814514	-0.000000
606.261658	-0.000000
606.708801	-0.000000
607.155884	-0.000000
607.602966	-0.000000
608.050049	-0.000000
608.497070	-0.000000
608.944031	0.007623
609.391052	-0.000000
609.837952	-0.000000
610.284912	-0.000000
610.731812	-0.000000
611.178711	-0.000000
611.625549	0.007496
612.072388	-0.000000
612.519165	-0.000000
612.965942	-0.000000
613.412720	-0.000000
613.859436	-0.000000
614.306091	-0.000000
614.752808	-0.000000
615.199402	-0.000000
615.646057	-0.000000
616.092651	-0.000000
616.539246	-0.000000
616.985779	-0.000000
617.432312	-0.000000
617.878784	-0.000000
618.325256	-0.000000
618.771667	-0.000000
619.218140	-0.000000
619.664490	-0.000000
620.110901	-0.000000
620.557190	-0.000000
621.003540	-0.000000
621.449829	0.007536
621.896057	0.009786
622.342346	0.012570
622.788513	0.014465
623.234680	0.019666
623.680847	0.018468
624.127014	0.022760
624.573120	0.012717
625.019165	0.009912
625.465271	0.013456
625.911255	0.008317
626.357300	-0.000000
626.803284	-0.000000
627.249268	-0.000000
627.695190	-0.000000
628.141052	-0.000000
628.586975	-0.000000
629.032776	-0.000000
629.478638	-0.000000
629.924438	-0.000000
630.370178	-0.000000
630.815918	-0.000000
631.261658	-0.000000
631.707336	-0.000000
632.153015	-0.000000
632.598694	-0.000000
633.044312	-0.000000
633.489929	-0.000000
633.935486	-0.000000
634.381042	-0.000000
634.826538	-0.000000
635.272034	0.006860
635.717529	-0.000000
636.162903	0.019410
636.608337	0.018756
637.053711	0.028280
637.499146	0.038174
637.944458	0.043792
638.389771	0.042772
638.835083	0.042507
639.280334	0.030910
639.725525	0.014368
640.170776	0.018474
640.615906	-0.000000
641.061096	-0.000000
641.506226	-0.000000
641.951355	-0.000000
642.396423	-0.000000
642.841492	-0.000000
643.286499	-0.000000
643.731506	-0.000000
644.176514	-0.000000
644.621460	-0.000000
645.066345	-0.000000
645.511292	-0.000000
645.956116	-0.000000
646.401001	-0.000000
646.845825	-0.000000
647.290649	-0.000000
647.735352	-0.000000
648.180115	-0.000000
648.624878	-0.000000
649.069519	-0.000000
649.514221	-0.000000
649.958862	0.008488
650.403442	0.015846
650.848083	0.040873
651.292603	0.031123
651.737183	0.033507
652.181702	0.039073
652.626160	0.037488
653.070618	0.033837
653.515076	0.030820
653.959473	0.037163
654.403870	0.030917
654.848206	0.012784
655.292542	-0.000000
655.736816	-0.000000
656.181091	-0.000000
656.625366	-0.000000
657.069580	-0.000000
657.513794	-0.000000
657.957947	-0.000000
658.402100	-0.000000
658.846252	-0.000000
659.290344	-0.000000
659.734436	-0.000000
660.178467	-0.000000
660.622498	-0.000000
661.066467	-0.000000
661.510437	-0.000000
661.954407	-0.000000
662.398315	-0.000000
662.842224	-0.000000
663.286072	-0.000000
663.729919	-0.000000
664.173706	-0.000000
664.617493	-0.000000
665.061218	0.014663
665.505005	0.013168
665.948730	0.022801
666.392395	0.014768
666.836060	0.023909
667.279663	0.025228
667.723267	0.029312
668.166870	0.027144
668.610413	0.023356
669.053955	0.010632
669.497437	0.010914
669.940918	-0.000000
670.384338	-0.000000
670.827820	-0.000000
671.271179	-0.000000
671.714539	-0.000000
672.157898	-0.000000
672.601196	-0.000000
673.044495	-0.000000
673.487732	-0.000000
673.931030	-0.000000
674.374207	-0.000000
674.817444	-0.000000
675.260559	-0.000000
675.703735	-0.000000
676.146851	-0.000000
676.589905	-0.000000
677.032959	-0.000000
677.475952	-0.000000
677.919006	-0.000000
678.362000	-0.000000
678.804932	-0.000000
679.247864	-0.000000
679.690735	-0.000000
680.133606	-0.000000
680.576477	-0.000000
681.019287	-0.000000
681.462097	-0.000000
681.904907	-0.000000
682.347595	-0.000000
682.790344	-0.000000
683.233032	-0.000000
683.675659	-0.000000
684.118347	-0.000000
684.560913	-0.000000
685.003540	-0.000000
685.446106	-0.000000
685.888611	-0.000000
686.331116	-0.000000
686.773621	-0.000000
687.216064	-0.000000
687.658508	-0.000000
688.100891	-0.000000
688.543274	-0.000000
688.985596	-0.000000
689.427979	-0.000000
689.870239	-0.000000
690.312500	-0.000000
690.754761	-0.000000
691.196960	-0.000000
691.639160	-0.000000
692.081360	-0.000000
692.523499	-0.000000
692.965576	-0.000000
693.407715	-0.000000
693.849792	-0.000000
694.291809	-0.000000
694.733826	-0.000000
695.175781	-0.000000
695.617737	-0.000000
696.059692	-0.000000
696.501587	-0.000000
696.943481	-0.000000
697.385315	-0.000000
697.827148	-0.000000
698.268921	-0.000000
698.710754	-0.000000
699.152466	-0.000000
699.594177	-0.000000
700.035889	-0.000000
700.477600	-0.000000
700.919189	-0.000000
701.360840	-0.000000
701.802368	-0.000000
702.243958	-0.000000
702.685486	-0.000000
703.127014	-0.000000
703.568481	-0.000000
704.009949	-0.000000
704.451416	-0.000000
704.892761	-0.000000
705.334167	-0.000000
705.775513	-0.000000
706.216858	-0.000000
706.658142	-0.000000
707.099426	-0.000000
707.540649	-0.000000
707.981934	-0.000000
708.423096	-0.000000
708.864258	-0.000000
709.305420	-0.000000
709.746521	-0.000000
710.187622	-0.000000
710.628662	-0.000000
711.069702	-0.000000
711.510742	-0.000000
711.951721	-0.000000
712.392639	-0.000000
712.833618	-0.000000
713.274475	-0.000000
713.715393	-0.000000
714.156189	-0.000000
714.597046	-0.000000
715.037842	-0.000000
715.478638	-0.000000
715.919373	-0.000000
716.360107	-0.000000
716.800781	-0.000000
717.241455	-0.000000
717.682068	-0.000000
718.122681	-0.000000
718.563293	-0.000000
719.003845	-0.000000
719.444397	-0.000000
719.884888	-0.000000
720.325378	-0.000000
720.765808	-0.000000
721.206238	-0.000000
721.646667	-0.000000
722.087036	-0.000000
722.527344	-0.000000
722.967712	-0.000000
723.408020	-0.000000
723.848267	-0.000000
724.288513	-0.000000
724.728760	-0.000000
725.168945	-0.000000
725.609070	-0.000000
726.049194	-0.000000
726.489319	-0.000000
726.929382	-0.000000
727.369507	-0.000000
727.809509	-0.000000
728.249512	-0.000000
728.689514	-0.000000
729.129395	-0.000000
729.569397	-0.000000
730.009277	-0.000000
730.449097	-0.000000
730.888977	-0.000000
731.328796	-0.000000
731.768616	-0.000000
732.208374	-0.000000
732.648071	-0.000000
733.087830	-0.000000
733.527527	-0.000000
733.967163	-0.000000
734.406738	-0.000000
734.846375	-0.000000
735.285950	-0.000000
735.725525	-0.000000
736.165039	-0.000000
736.604553	-0.000000
737.044006	-0.000000
737.483459	-0.000000
737.922913	-0.000000
738.362244	-0.000000
738.801636	-0.000000
739.240967	-0.000000
739.680298	-0.000000
740.119568	-0.000000
740.558838	-0.000000
740.998047	-0.000000
741.437256	-0.000000
741.876465	-0.000000
742.315613	-0.000000
742.754700	-0.000000
743.193848	-0.000000
743.632935	-0.000000
744.071960	-0.000000
744.510986	-0.000000
744.949951	-0.000000
745.388916	0.008658
745.827881	-0.000000
746.266785	0.013950
746.705627	-0.000000
747.144531	-0.000000
747.583374	-0.000000
748.022156	-0.000000
748.460938	-0.000000
748.899719	-0.000000
749.338440	-0.000000
749.777100	-0.000000
750.215820	-0.000000
750.654419	-0.000000
751.093079	-0.000000
751.531616	-0.000000
751.970215	-0.000000
752.408752	-0.000000
752.847229	-0.000000
753.285706	-0.000000
753.724182	-0.000000
754.162659	-0.000000
754.601013	-0.000000
755.039429	-0.000000
755.477783	-0.000000
755.916077	-0.000000
756.354370	-0.000000
756.792664	-0.000000
757.230896	-0.000000
757.669128	-0.000000
758.107300	-0.000000
758.545471	-0.000000
758.983643	-0.000000
759.421692	-0.000000
759.859802	-0.000000
760.297852	-0.000000
760.735901	-0.000000
761.173889	-0.000000
761.611877	-0.000000
762.049866	-0.000000
762.487732	-0.000000
762.925659	-0.000000
763.363525	-0.000000
763.801392	-0.000000
764.239136	-0.000000
764.676941	-0.000000
765.114685	-0.000000
765.552429	-0.000000
765.990112	-0.000000
766.427856	-0.000000
766.865479	-0.000000
767.303101	-0.000000
767.740723	-0.000000
768.178284	-0.000000
768.615845	-0.000000
769.053345	-0.000000
769.490845	-0.000000
769.928284	-0.000000
770.365723	-0.000000
770.803162	-0.000000
771.240540	-0.000000
771.677917	-0.000000
772.115234	-0.000000
772.552551	-0.000000
772.989807	-0.000000
773.427063	-0.000000
773.864319	-0.000000
774.301514	-0.000000
774.738647	-0.000000
775.175781	-0.000000
775.612915	-0.000000
776.049988	-0.000000
776.487061	-0.000000
776.924072	-0.000000
777.361084	-0.000000
777.798096	-0.000000
778.234985	-0.000000
778.671936	-0.000000
779.108826	-0.000000
779.545715	-0.000000
779.982544	-0.000000
780.419373	-0.000000
780.856140	-0.000000
781.292969	-0.000000
781.729675	-0.000000
782.166382	-0.000000
782.603088	-0.000000
783.039734	-0.000000
783.476379	-0.000000
783.912964	-0.000000
784.349548	-0.000000
784.786072	-0.000000
785.222595	-0.000000
785.659058	-0.000000
786.095581	-0.000000
786.531982	-0.000000
786.968384	0.012361
787.404785	-0.000000
787.841125	-0.000000
788.277466	-0.000000
788.713806	-0.000000
789.150024	-0.000000
789.586304	-0.000000
790.022522	-0.000000
790.458740	-0.000000
790.894897	-0.000000
791.331055	-0.000000
791.767151	-0.000000
792.203247	-0.000000
792.639282	-0.000000
793.075317	-0.000000
793.511353	-0.000000
793.947327	-0.000000
794.383240	-0.000000
794.819153	-0.000000
795.255066	-0.000000
795.690979	-0.000000
796.126770	-0.000000
796.562622	-0.000000
796.998413	-0.000000
797.434143	-0.000000
797.869873	-0.000000
798.305603	-0.000000
798.741272	-0.000000
799.176941	-0.000000
799.612549	-0.000000
800.048157	-0.000000
800.483704	-0.000000
800.919250	-0.000000
801.354797	0.011836
801.790283	0.011456
802.225769	-0.000000
802.661194	0.010173
803.096619	0.012054
803.531982	0.021284
803.967285	0.029087
804.402649	0.033261
804.837952	0.045170
805.273193	0.036990
805.708496	0.027417
806.143677	0.030645
806.578857	0.017584
807.014038	0.014623
807.449158	-0.000000
807.884277	-0.000000
808.319336	0.008637
808.754395	-0.000000
809.189453	-0.000000
809.624451	-0.000000
810.059448	-0.000000
810.494385	-0.000000
810.929260	-0.000000
811.364136	-0.000000
811.799011	-0.000000
812.233826	-0.000000
812.668640	-0.000000
813.103455	-0.000000
813.538208	-0.000000
813.972900	-0.000000
814.407593	-0.000000
814.842285	-0.000000
815.276978	-0.000000
815.711548	-0.000000
816.146118	-0.000000
816.580750	-0.000000
817.015259	-0.000000
817.449768	-0.000000
817.884216	-0.000000
818.318665	-0.000000
818.753113	-0.000000
819.187500	-0.000000
819.621887	-0.000000
820.056213	-0.000000
820.490540	-0.000000
820.924866	-0.000000
821.359070	-0.000000
821.793335	-0.000000
822.227539	-0.000000
822.661682	-0.000000
823.095886	0.004731
823.529968	0.016408
823.964111	0.024245
824.398193	0.022935
824.832214	0.023672
825.266174	0.023256
825.700195	0.041891
826.134155	0.044077
826.568054	0.032938
827.002014	0.019313
827.435913	0.018604
827.869751	0.027168
828.303528	0.035781
828.737366	0.028003
829.171082	0.024074
829.604858	0.022617
830.038574	0.032967
830.472229	0.039163
830.905884	0.032898
831.339539	0.040025
831.773132	0.025973
832.206726	0.021104
832.640259	-0.000000
833.073792	-0.000000
833.507324	-0.000000
833.940735	-0.000000
834.374146	-0.000000
834.807617	-0.000000
835.240967	-0.000000
835.674377	-0.000000
836.107666	-0.000000
836.540955	-0.000000
836.974243	-0.000000
837.407471	-0.000000
837.840698	-0.000000
838.273865	-0.000000
838.707031	-0.000000
839.140198	-0.000000
839.573303	-0.000000
840.006348	-0.000000
840.439453	-0.000000
840.872498	-0.000000
841.305481	-0.000000
841.738403	-0.000000
842.171387	-0.000000
842.604309	-0.000000
843.037170	-0.000000
843.470032	-0.000000
843.902893	-0.000000
844.335693	-0.000000
844.768494	-0.000000
845.201172	-0.000000
845.633911	-0.000000
846.066650	-0.000000
846.499268	-0.000000
846.931946	-0.000000
847.364563	-0.000000
847.797119	-0.000000
848.229675	-0.000000
848.662231	-0.000000
849.094666	-0.000000
849.527222	-0.000000
849.959656	-0.000000
850.392029	-0.000000
850.824402	-0.000000
851.256775	-0.000000
851.689148	0.020607
852.121460	0.023893
852.553711	0.021649
852.986023	0.027943
853.418152	0.023339
853.850403	0.009914
854.282532	0.010699
854.714722	0.010204
855.146851	0.009617
855.578918	0.010941
856.010986	0.012550
856.442993	-0.000000
856.875000	-0.000000
857.307007	0.021156
857.738892	0.011934
858.170837	0.018522
858.602722	0.017826
859.034607	-0.000000
859.466431	-0.000000
859.898254	-0.000000
860.330078	-0.000000
860.761780	-0.000000
861.193542	-0.000000
861.625244	-0.000000
862.056885	-0.000000
862.488525	-0.000000
862.920166	-0.000000
863.351746	-0.000000
863.783325	-0.000000
864.214844	-0.000000
864.646301	-0.000000
865.077820	-0.000000
865.509277	-0.000000
865.940674	-0.000000
866.372070	-0.000000
866.803467	-0.000000
867.234741	-0.000000
867.666077	-0.000000
868.097351	-0.000000
868.528625	-0.000000
868.959839	-0.000000
869.391052	-0.000000
869.822205	-0.000000
870.253357	-0.000000
870.684448	-0.000000
871.115540	-0.000000
871.546631	-0.000000
871.977661	-0.000000
872.408630	-0.000000
872.839600	-0.000000
873.270569	-0.000000
873.701477	-0.000000
874.132385	-0.000000
874.563293	-0.000000
874.994080	-0.000000
875.424866	-0.000000
875.855713	-0.000000
876.286438	-0.000000
876.717163	-0.000000
877.147827	-0.000000
877.578552	-0.000000
878.009155	-0.000000
878.439758	-0.000000
878.870361	-0.000000
879.300903	-0.000000
879.731445	-0.000000
880.161987	0.005348
880.592407	0.008263
881.022888	0.012542
881.453308	0.018734
881.883667	0.016962
882.314026	0.016911
882.744385	0.019345
883.174683	0.016988
883.604980	0.014149
884.035217	0.023337
884.465454	0.020397
884.895630	0.022167
885.325806	0.026949
885.755920	0.027538
886.186096	0.029382
886.616150	0.031139
887.046204	0.022914
887.476196	0.021619
887.906250	0.010175
888.336182	0.004585
888.766113	0.009219
889.196045	-0.000000
889.625916	-0.000000
890.055786	-0.000000
890.485596	-0.000000
890.915405	-0.000000
891.345154	-0.000000
891.774963	-0.000000
892.204712	-0.000000
892.634338	-0.000000
893.064026	-0.000000
893.493652	-0.000000
893.923279	-0.000000
894.352844	-0.000000
894.782410	-0.000000
895.211914	-0.000000
895.641418	-0.000000
896.070923	-0.000000
896.500305	-0.000000
896.929749	-0.000000
897.359131	-0.000000
897.788513	-0.000000
898.217773	-0.000000
898.647095	-0.000000
899.076355	-0.000000
899.505615	-0.000000
899.934814	-0.000000
900.364014	-0.000000
900.793152	-0.000000
901.222290	-0.000000
901.651367	-0.000000
902.080505	-0.000000
902.509521	-0.000000
902.938538	-0.000000
903.367493	-0.000000
903.796509	-0.000000
904.225403	-0.000000
904.654358	-0.000000
905.083191	-0.000000
905.512024	-0.000000
905.940857	-0.000000
906.369629	-0.000000
906.798462	-0.000000
907.227173	-0.000000
907.655823	-0.000000
908.084534	-0.000000
908.513184	-0.000000
908.941833	-0.000000
909.370422	-0.000000
909.799011	0.016474
910.227539	0.022373
910.656006	0.025942
911.084473	0.025577
911.512939	0.036061
911.941406	0.035905
912.369751	0.042943
912.798157	0.049533
913.226501	0.055293
913.654846	0.056779
914.083130	0.056817
914.511353	0.055710
914.939575	0.065576
915.367798	0.064899
915.795959	0.054466
916.224121	0.054598
916.652222	0.058027
917.080322	0.045428
917.508362	0.041520
917.936401	0.031154
918.364380	0.022405
918.792358	0.015903
919.220337	0.009945
919.648254	0.013393
920.076111	0.008197
920.503967	-0.000000
920.931824	-0.000000
921.359619	-0.000000
921.787415	-0.000000
922.215149	-0.000000
922.642883	-0.000000
923.070557	-0.000000
923.498230	-0.000000
923.925903	-0.000000
924.353455	-0.000000
924.781067	-0.000000
925.208618	-0.000000
925.636108	-0.000000
926.063660	-0.000000
926.491089	-0.000000
926.918518	-0.000000
927.345947	-0.000000
927.773315	-0.000000
928.200684	-0.000000
928.627991	-0.000000
929.055237	-0.000000
929.482544	-0.000000
929.909790	-0.000000
930.336975	-0.000000
930.764160	-0.000000
931.191345	-0.000000
931.618469	-0.000000
932.045532	-0.000000
932.472656	-0.000000
932.899658	-0.000000
933.326660	-0.000000
933.753662	-0.000000
934.180603	-0.000000
934.607544	-0.000000
935.034424	-0.000000
935.461304	-0.000000
935.888123	-0.000000
936.314941	-0.000000
936.741699	-0.000000
937.168518	-0.000000
937.595215	-0.000000
938.021973	-0.000000
938.448608	-0.000000
938.875244	-0.000000
939.301819	-0.000000
939.728394	-0.000000
940.155029	-0.000000
940.581543	-0.000000
941.008057	-0.000000
941.434509	-0.000000
941.860962	-0.000000
942.287354	0.029652
942.713745	-0.000000
943.140076	0.026902
943.566406	0.029303
943.992737	0.037883
944.419006	0.041270
944.845276	0.030119
945.271484	0.036503
945.697632	0.029978
946.123840	0.026485
946.549927	0.030654
946.976013	0.021988
947.402100	0.020860
947.828125	0.026581
948.254150	-0.000000
948.680176	-0.000000
949.106140	-0.000000
949.532043	-0.000000
949.957947	-0.000000
950.383789	-0.000000
950.809631	-0.000000
951.235474	-0.000000
951.661255	-0.000000
952.087036	-0.000000
952.512756	-0.000000
952.938477	-0.000000
953.364075	-0.000000
953.789734	-0.000000
954.215393	-0.000000
954.640991	-0.000000
955.066528	-0.000000
955.492065	-0.000000
955.917542	-0.000000
956.343079	-0.000000
956.768494	-0.000000
957.193848	-0.000000
957.619324	-0.000000
958.044617	-0.000000
958.469971	-0.000000
958.895264	-0.000000
959.320496	-0.000000
959.745789	-0.000000
960.171021	-0.000000
960.596191	-0.000000
961.021362	-0.000000
961.446472	-0.000000
961.871521	-0.000000
962.296631	-0.000000
962.721680	-0.000000
963.146729	-0.000000
963.571716	-0.000000
963.996643	-0.000000
964.421570	-0.000000
964.846497	-0.000000
965.271362	-0.000000
965.696167	-0.000000
966.121033	-0.000000
966.545776	-0.000000
966.970581	-0.000000
967.395264	-0.000000
967.819946	-0.000000
968.244690	-0.000000
968.669312	-0.000000
969.093872	-0.000000
969.518494	-0.000000
969.943054	-0.000000
970.367554	-0.000000
970.792053	-0.000000
971.216553	-0.000000
971.640991	-0.000000
972.065369	-0.000000
972.489746	-0.000000
972.914124	-0.000000
973.338440	-0.000000
973.762756	0.018406
974.187012	0.023182
974.611267	0.015506
975.035461	-0.000000
975.459656	0.031142
975.883789	0.020143
976.307922	0.033619
976.731995	0.033367
977.156067	0.037009
977.580139	0.033048
978.004150	0.043676
978.428101	0.044223
978.852051	0.047026
979.275940	0.048557
979.699829	0.057794
980.123718	0.056616
980.547546	0.047145
980.971375	0.037183
981.395142	0.042558
981.818909	0.041299
982.242615	0.041532
982.666321	0.032541
983.089966	0.035704
983.513611	0.031600
983.937195	-0.000000
984.360779	-0.000000
984.784363	-0.000000
985.207886	-0.000000
985.631348	-0.000000
986.054810	-0.000000
986.478210	-0.000000
986.901672	-0.000000
987.325012	-0.000000
987.748352	-0.000000
988.171692	-0.000000
988.594971	-0.000000
989.018250	-0.000000
989.441467	-0.000000
989.864685	-0.000000
990.287842	-0.000000
990.710938	-0.000000
991.134094	-0.000000
991.557190	-0.000000
991.980225	-0.000000
992.403259	-0.000000
992.826233	-0.000000
993.249207	-0.000000
993.672180	-0.000000
994.095093	-0.000000
994.518005	-0.000000
994.940796	-0.000000
995.363647	-0.000000
995.786438	-0.000000
996.209229	-0.000000
996.631958	-0.000000
997.054626	-0.000000
997.477295	-0.000000
997.899963	-0.000000
998.322632	-0.000000
998.745239	-0.000000
999.167786	-0.000000
999.590332	-0.000000
1000.012817	-0.000000
1000.435303	-0.000000
1000.857727	-0.000000
1001.280151	-0.000000
1001.702515	-0.000000
1002.124878	-0.000000
1002.547241	-0.000000
1002.969543	-0.000000
1003.391846	-0.000000
1003.814026	-0.000000
1004.236267	-0.000000
1004.658447	-0.000000
1005.080627	-0.000000
1005.502747	-0.000000
1005.924866	-0.000000
1006.346924	-0.000000
1006.768921	-0.000000
1007.190918	0.024877
1007.612976	0.032512
1008.034912	0.036998
1008.456848	0.029005
1008.878723	0.039066
1009.300598	0.027170
1009.722412	0.047023
1010.144226	0.038256
1010.566040	0.036110
1010.987732	0.049307
1011.409485	0.047235
1011.831177	0.062655
1012.252869	0.064600
1012.674438	0.065943
1013.096069	0.041025
1013.517639	0.051970
1013.939209	0.054033
1014.360718	0.048557
1014.782227	0.053160
1015.203674	0.039908
1015.625122	0.056226
1016.046509	0.038121
1016.467896	0.050324
1016.889221	0.060426
1017.310547	0.048663
1017.731812	0.061213
1018.153076	0.044569
1018.574280	0.061082
1018.995483	0.040224
1019.416687	0.047468
1019.837830	0.057155
1020.258850	0.052119
1020.679993	0.039190
1021.101013	0.039271
1021.522095	0.057399
1021.943054	0.050737
1022.364014	0.047659
1022.784973	0.037187
1023.205811	-0.000000
1023.626709	0.037675
1024.047607	0.026526
1024.468384	-0.000000
1024.889160	-0.000000
1025.310059	-0.000000
1025.730713	-0.000000
1026.151367	-0.000000
1026.572021	-0.000000
1026.992676	-0.000000
1027.413330	-0.000000
1027.833984	-0.000000
1028.254517	-0.000000
1028.675049	-0.000000
1029.095459	-0.000000
1029.515869	-0.000000
1029.936401	-0.000000
1030.356812	-0.000000
1030.777222	-0.000000
1031.197510	-0.000000
1031.617798	-0.000000
1032.038086	-0.000000
1032.458374	-0.000000
1032.878662	-0.000000
1033.298828	-0.000000
1033.718994	-0.000000
1034.139160	-0.000000
1034.559204	-0.000000
1034.979370	-0.000000
1035.399414	-0.000000
1035.819458	-0.000000
1036.239380	-0.000000
1036.659424	-0.000000
1037.079346	-0.000000
1037.499268	-0.000000
1037.919067	-0.000000
1038.338989	-0.000000
1038.758789	-0.000000
1039.178589	-0.000000
1039.598389	-0.000000
1040.018066	-0.000000
1040.437744	-0.000000
1040.857422	-0.000000
1041.277100	-0.000000
1041.696777	-0.000000
1042.116333	-0.000000
1042.535889	-0.000000
1042.955322	-0.000000
1043.374878	-0.000000
1043.794312	-0.000000
1044.213745	-0.000000
1044.633179	-0.000000
1045.052612	-0.000000
1045.471924	-0.000000
1045.891235	-0.000000
1046.310547	-0.000000
1046.729858	-0.000000
1047.149048	-0.000000
1047.568237	-0.000000
1047.987427	-0.000000
1048.406494	-0.000000
1048.825684	-0.000000
1049.244751	-0.000000
1049.663818	-0.000000
1050.082764	-0.000000
1050.501831	-0.000000
1050.920776	-0.000000
1051.339722	-0.000000
1051.758667	-0.000000
1052.177612	-0.000000
1052.596436	-0.000000
1053.015259	-0.000000
1053.433960	-0.000000
1053.852783	-0.000000
1054.271484	-0.000000
1054.690186	-0.000000
1055.108887	-0.000000
1055.527466	-0.000000
1055.946167	-0.000000
1056.364746	-0.000000
1056.783325	-0.000000
1057.201782	-0.000000
1057.620239	-0.000000
1058.038818	-0.000000
1058.457153	-0.000000
1058.875610	-0.000000
1059.293945	-0.000000
1059.712280	-0.000000
1060.130615	-0.000000
1060.548950	-0.000000
1060.967163	-0.000000
1061.385376	-0.000000
1061.803589	-0.000000
1062.221802	-0.000000
1062.639893	-0.000000
1063.058105	-0.000000
1063.476074	-0.000000
1063.894165	-0.000000
1064.312134	-0.000000
1064.730225	-0.000000
1065.148193	-0.000000
1065.566040	-0.000000
1065.984009	-0.000000
1066.401855	-0.000000
1066.819702	-0.000000
1067.237549	-0.000000
1067.655273	-0.000000
1068.072998	-0.000000
1068.490845	-0.000000
1068.908447	-0.000000
1069.326172	-0.000000
1069.743774	-0.000000
1070.161377	-0.000000
1070.578979	-0.000000
1070.996460	-0.000000
1071.414062	-0.000000
1071.831543	-0.000000
1072.249023	-0.000000
1072.666382	-0.000000
1073.083740	-0.000000
1073.501221	-0.000000
1073.918579	-0.000000
1074.335815	-0.000000
1074.753052	-0.000000
1075.170410	-0.000000
1075.587646	-0.000000
1076.004761	-0.000000
1076.421997	-0.000000
1076.839111	-0.000000
1077.256226	-0.000000
1077.673340	-0.000000
1078.090332	-0.000000
1078.507324	-0.000000
1078.924316	-0.000000
1079.341309	-0.000000
1079.758179	-0.000000
1080.175049	-0.000000
1080.591919	-0.000000
1081.008789	-0.000000
1081.425659	-0.000000
1081.842407	-0.000000
1082.259033	-0.000000
1082.675781	-0.000000
1083.092529	-0.000000
1083.509155	-0.000000
1083.925781	-0.000000
1084.342407	-0.000000
1084.758911	-0.000000
1085.175537	-0.000000
1085.592041	-0.000000
1086.008423	-0.000000
1086.424927	-0.000000
1086.841309	-0.000000
1087.257690	-0.000000
1087.674072	-0.000000
1088.090454	-0.000000
1088.506714	-0.000000
1088.922974	-0.000000
1089.339233	-0.000000
1089.755371	-0.000000
1090.171631	-0.000000
1090.587769	-0.000000
1091.003906	-0.000000
1091.419922	-0.000000
1091.836060	-0.000000
1092.252075	-0.000000
1092.668091	-0.000000
1093.084106	-0.000000
1093.500000	-0.000000
1093.915894	-0.000000
1094.331787	-0.000000
1094.747559	-0.000000
1095.163452	-0.000000
1095.579224	-0.000000
1095.994995	-0.000000
1096.410767	-0.000000
1096.826416	-0.000000
1097.242065	-0.000000
1097.657715	-0.000000
